ax	ay	az	wx	wy	wz	roll	pitch	yaw
18:38:02.69	-0.001983316615	-0.000417803618	0.016797242686	0.009463738650	0.021158665419	-0.006499741692	0.104912042149	0.016474421088	-0.000899056853
18:38:02.70	0.016424724832	0.009663654491	0.036677751690	-0.070131398737	-0.009528457187	0.025131657720	0.106347308417	0.015706781226	-0.000724286642
18:38:02.71	0.015111917630	0.019479783252	0.056339014322	-0.136496543884	0.015055987053	0.093280933797	0.108997986428	0.012201644401	0.000070664380
18:38:02.72	0.015933981165	0.031513225287	0.063353821635	-0.210132613778	0.039663251489	0.178548797965	0.111849927432	0.006855076255	0.001816999692
18:38:02.74	0.019811900333	0.020501140505	0.086090050638	-0.207095608115	0.037573792040	0.257211118937	0.112215017157	0.004998232471	0.004445970977
18:38:02.75	0.001466694404	0.020606402308	0.125602871180	-0.154017254710	0.055601045489	0.330071479082	0.112740631108	0.003653895262	0.007692414868
18:38:02.75	-0.053163293749	-0.000206473167	0.133093565702	-0.064558528364	0.115031145513	0.413474202156	0.113711507329	0.003211501107	0.011739673839
18:38:02.76	-0.086183391511	0.016605485231	0.157698586583	0.064344808459	0.121212393045	0.406476497650	0.114955997661	0.003986477803	0.015789469287
18:38:02.77	-0.119801461697	0.072508007288	0.179004281759	0.188379362226	0.019011504948	0.443192422390	0.115359545181	0.006040756690	0.019874431943
18:38:02.78	-0.071075730026	0.062625989318	0.220360219479	0.341539829969	0.002873068908	0.506931424141	0.115342985407	0.009617105981	0.024406267363
18:38:02.80	-0.056438155472	0.064724490047	0.262695044279	0.498737096786	-0.000527468044	0.550524711609	0.115269049535	0.014783013222	0.029246422235
18:38:02.80	-0.061729986221	0.090019941330	0.292725086212	0.683629155159	-0.035855576396	0.593440473080	0.114958157733	0.021753832119	0.034280809015
18:38:02.82	-0.067703694105	0.116564445198	0.314967125654	0.887305557728	-0.111569993198	0.695292532444	0.113871430469	0.030799657573	0.039935844754
18:38:02.83	-0.111607149243	0.168499454856	0.368376016617	1.090780019760	-0.174491107464	0.871737122536	0.111985683880	0.042062271620	0.046934595326
18:38:02.83	-0.165823921561	0.201068148017	0.422808974981	1.228247523308	-0.190544858575	1.053773164749	0.109706626689	0.055084651500	0.055660151420
18:38:02.84	-0.236016675830	0.259302526712	0.474006026983	1.250850200653	-0.262794256210	1.167673468590	0.106679248100	0.068759154904	0.065672900955
18:38:02.86	-0.294533193111	0.281327277422	0.500778436661	1.226380109787	-0.152171805501	1.260546326637	0.103908847794	0.082277633589	0.076679027828
18:38:02.86	-0.416498929262	0.308699071407	0.406988114119	1.140365123749	0.036142800003	1.375201821327	0.102536630383	0.095235170438	0.088964771039
18:38:02.88	-0.549383878708	0.255203455687	0.248996809125	1.125085592270	0.640956103802	1.416276812553	0.106044634771	0.107844622597	0.101846190122
18:38:02.89	-0.689067542553	0.280771195889	0.094849683344	0.887748837471	0.627510011196	1.449134945869	0.111659353418	0.119157221870	0.115194626141
18:38:02.90	-0.633131265640	0.184901222587	0.086772523820	-0.041400417686	-0.778340697289	1.436561584473	0.106394305377	0.123047187871	0.129334077550
18:38:02.90	-0.644264638424	0.127309441566	0.079800486565	-1.133584618568	-2.218004465103	1.337566018105	0.085707372531	0.115711395502	0.143899704709
18:38:02.92	-0.719894647598	0.064625605941	-0.025346614420	-1.992887854576	-2.756749153137	1.158909440041	0.057455068797	0.098629431204	0.157157201729
18:38:02.92	-0.787671864033	0.051002163440	-0.035229325294	-2.358953714371	-2.453359842300	1.017798662186	0.030746763027	0.076145918026	0.168778289575
18:38:02.94	-0.811696410179	0.029238555580	-0.102193064988	-2.278285980225	-1.577807784081	0.772926867008	0.012046386030	0.053158852839	0.177670657115
18:38:02.95	-0.763283014297	0.060123719275	-0.187782511115	-1.947618365288	-0.745213031769	0.393425345421	0.002450584635	0.032831642548	0.182784162039
18:38:02.96	-0.706956803799	0.042507033795	-0.285475790501	-1.534614324570	-0.302841454744	-0.043031595647	-0.001371654011	0.016461023019	0.183425006869
18:38:02.96	-0.619264245033	0.020696984604	-0.350191652775	-1.134347200394	-0.317423522472	-0.366649866104	-0.004225212840	0.004186987047	0.180442167674
18:38:02.98	-0.546227931976	0.021194986999	-0.355576008558	-0.884909212589	-0.650561809540	-0.540207028389	-0.009833163948	-0.005126446952	0.175356180159
18:38:02.98	-0.496057271957	-0.024129329249	-0.332828164101	-0.777525722980	-0.978138506413	-0.645839214325	-0.018883816237	-0.013006039297	0.169033370793
18:38:03.00	-0.515502214432	0.007076120470	-0.286106556654	-0.745966255665	-1.218455195427	-0.766639113426	-0.030651452064	-0.020299541247	0.161529577397
18:38:03.00	-0.503404915333	0.017723193392	-0.240686461329	-0.841825723648	-1.314060449600	-0.941789388657	-0.043821720930	-0.028026325751	0.152318536226
18:38:03.01	-0.462374746799	-0.008192733862	-0.269671559334	-1.079925179482	-1.358457922935	-1.159215092659	-0.057686943009	-0.037574744217	0.140768862018
18:38:03.02	-0.474950909615	-0.002373057883	-0.317496865988	-1.397072553635	-1.295349836349	-1.302210927010	-0.071463241177	-0.049848533954	0.127228299064
18:38:03.04	-0.484721302986	0.029438592494	-0.337159663439	-1.708850026131	-1.028181791306	-1.448653817177	-0.083438062462	-0.065043907424	0.111917306125
18:38:03.04	-0.474860787392	0.095817141235	-0.317291617393	-1.878866672516	-0.619915306568	-1.693535208702	-0.091937596798	-0.081993816384	0.094097962680
18:38:03.06	-0.407288908958	0.165669575334	-0.319216847420	-1.880451440811	-0.433019429445	-2.022583246231	-0.098431758492	-0.098941857075	0.072945193228
18:38:03.07	-0.319396585226	0.159902080894	-0.272367954254	-1.693927884102	-0.415374070406	-2.302587985992	-0.105185868392	-0.114087933484	0.048780830189
18:38:03.08	-0.256106019020	0.247664377093	-0.245376348495	-1.366593480110	-0.489290833473	-2.477916717529	-0.112898374374	-0.125821025167	0.022812910473
18:38:03.08	-0.210011959076	0.293514907360	-0.247512742877	-1.086449265480	-0.663009583950	-2.582283973694	-0.122586990450	-0.134240827971	-0.004169285766
18:38:03.10	-0.200552895665	0.288605183363	-0.231694400311	-1.140625953674	-0.794760942459	-2.654085397720	-0.134109057779	-0.141909087767	-0.031917325029
18:38:03.10	-0.199846267700	0.239638134837	-0.153277158737	-1.023535847664	-0.722765505314	-2.856040954590	-0.145838342212	-0.148588075969	-0.061333088958
18:38:03.12	-0.152219235897	0.254219442606	-0.166253611445	-0.783665597439	-0.664809465408	-3.133189201355	-0.157356148660	-0.152267332260	-0.093286421170
18:38:03.12	-0.137484833598	0.236923709512	-0.207163885236	-0.687458336353	-0.779775917530	-3.198347091675	-0.169787812491	-0.153988712333	-0.126299280258
18:38:03.13	-0.128562301397	0.236705869436	-0.216652527452	-0.725672662258	-0.911456406116	-3.087384939194	-0.183613845350	-0.155444643051	-0.158647103855
18:38:03.14	-0.141869306564	0.255718201399	-0.223764687777	-0.875844597816	-0.871853291988	-2.984983682632	-0.197440737833	-0.157993711875	-0.190035302111
18:38:03.16	-0.134583115578	0.252018928528	-0.265459865332	-1.009394764900	-0.689921200275	-3.017620086670	-0.209905572972	-0.161462481457	-0.221823872181
18:38:03.16	-0.128721252084	0.245636716485	-0.321885943413	-1.092932820320	-0.448548525572	-3.059938907623	-0.220278714368	-0.165471991283	-0.254289313844
18:38:03.18	-0.098884880543	0.249790519476	-0.350262701511	-1.014940142632	-0.290340989828	-3.142461061478	-0.228965698690	-0.168733622322	-0.287438867142
18:38:03.19	-0.052782196552	0.228243663907	-0.384401440620	-0.772535502911	-0.455520033836	-3.284535884857	-0.238609418412	-0.169385232339	-0.321406138659
18:38:03.20	-0.028166802600	0.196029841900	-0.430798828602	-0.536191701889	-0.785415887833	-3.391928434372	-0.251445314355	-0.166895971615	-0.355999605352
18:38:03.20	-0.053089998662	0.161266297102	-0.448544025421	-0.317377895117	-1.065257310867	-3.357118844986	-0.266968001807	-0.161950482950	-0.389926362256
18:38:03.22	-0.038156222552	0.146713703871	-0.464537978172	0.004200322088	-1.307018280029	-3.378650426865	-0.284649000716	-0.153525526788	-0.422930161459
18:38:03.23	-0.045751448721	0.114894613624	-0.467517971992	0.211487948895	-1.437020421028	-3.424172401428	-0.303525236142	-0.142006128389	-0.455407764246
18:38:03.23	-0.064881816506	0.097692847252	-0.488305598497	0.182086065412	-1.462512731552	-3.477210283279	-0.322545224517	-0.129444463294	-0.487996733216
18:38:03.25	-0.057349916548	0.087516315281	-0.536545693874	0.027307886630	-1.349629640579	-3.499580383301	-0.340465450592	-0.117404087609	-0.521034913914
18:38:03.26	-0.030960727483	0.081366755068	-0.620084524155	-0.177909493446	-1.072960853577	-3.464390993118	-0.355687128723	-0.106763198616	-0.554326246600
18:38:03.26	-0.000897403050	0.071358725429	-0.676776111126	-0.317580610514	-0.686893224716	-3.387553453445	-0.366921138278	-0.097389514640	-0.587322680002
18:38:03.28	0.064512170851	0.058322571218	-0.737758159637	-0.412401437759	-0.323208689690	-3.303023099899	-0.374028197070	-0.089057679601	-0.619880907169
18:38:03.28	0.113261252642	0.059948291630	-0.780329346657	-0.225056096911	-0.058803874999	-3.242390871048	-0.377833732208	-0.079861302442	-0.651242919420
18:38:03.30	0.157692313194	0.114120811224	-0.813130557537	0.204521849751	0.014954021201	-3.245350837708	-0.379942009941	-0.067035955323	-0.681106429190
18:38:03.30	0.224827185273	0.093003205955	-0.837616801262	0.638461530209	-0.130236133933	-3.232370615005	-0.382371676809	-0.050068855388	-0.709166242087
18:38:03.32	0.287992000580	0.107391178608	-0.846324503422	1.025869369507	-0.454960912466	-3.181112051010	-0.387107535454	-0.029484434646	-0.735314279586
18:38:03.32	0.316744953394	0.098942264915	-0.814283013344	1.378806352615	-0.702014863491	-3.071202516556	-0.394021871503	-0.005733058961	-0.759010359147
18:38:03.34	0.307818472385	0.080532088876	-0.782183587551	1.575050950050	-0.818104922771	-2.965379476547	-0.401829482319	0.019986546268	-0.780578922625
18:38:03.35	0.278384029865	0.087234616280	-0.759289741516	1.646101832390	-0.749094665051	-2.907169342041	-0.408936705409	0.046495143204	-0.800972514677
18:38:03.36	0.293563157320	0.058801412582	-0.738477706909	1.621886849403	-0.569376230240	-2.794492483139	-0.413952617030	0.072720468652	-0.820344920691
18:38:03.37	0.287656366825	0.056318216026	-0.709938704967	1.558172702789	-0.395978540182	-2.686662673950	-0.416731071046	0.098040138621	-0.838869351818
18:38:03.38	0.277039498091	0.035401422530	-0.678754389286	1.554159879684	-0.263057738543	-2.576831817627	-0.417729363701	0.122730173255	-0.856459339954
18:38:03.39	0.284094810486	0.091405689716	-0.654781520367	1.641587018967	-0.150477871299	-2.486512422562	-0.417315845420	0.147605157129	-0.872980397851
18:38:03.40	0.320595890284	0.123656712472	-0.632782816887	1.815583109856	-0.025262907147	-2.377026557922	-0.415453441915	0.173491183646	-0.887988407659
18:38:03.40	0.340995341539	0.139610469341	-0.631921231747	1.980030059814	0.014940760098	-2.260775327682	-0.412873752312	0.200428451342	-0.901336765153
18:38:03.42	0.335124164820	0.179454073310	-0.635418891907	2.106461286545	0.050917990506	-2.205753803253	-0.409882604607	0.228275968201	-0.913588399814
18:38:03.42	0.317402899265	0.213259443641	-0.621708154678	2.188223123550	0.053970284760	-2.233422517776	-0.406387512055	0.256971840039	-0.925714962930
18:38:03.43	0.303294807673	0.244064986706	-0.629010677338	2.275938034058	0.055930960923	-2.299479484558	-0.402522315760	0.286623928915	-0.938266974762
18:38:03.44	0.321840941906	0.278326183558	-0.613928377628	2.427830219269	0.246992051601	-2.352897882462	-0.396848424410	0.317669247761	-0.951134219462
18:38:03.45	0.344755321741	0.315419435501	-0.562977850437	2.609668016434	0.497580111027	-2.307216644287	-0.388407086550	0.350214049633	-0.963484261836
18:38:03.47	0.331805229187	0.341561198235	-0.518739819527	2.815819025040	0.666331648827	-2.183919668198	-0.378190396865	0.384109654881	-0.974408481241
18:38:03.48	0.322602123022	0.358629614115	-0.460009396076	2.955080032349	0.708716452122	-2.033265829086	-0.367471923766	0.418849919736	-0.983774028271
18:38:03.48	0.327352941036	0.359293967485	-0.389060169458	3.019081592560	0.693791091442	-1.936398625374	-0.356991350571	0.453863659410	-0.992167917621
18:38:03.50	0.315684735775	0.380306869745	-0.313283979893	2.994190931320	0.723619103432	-1.877268433571	-0.346062410279	0.488579916005	-1.000499058875
18:38:03.50	0.325295001268	0.369438558817	-0.270394325256	2.840091466904	0.795159935951	-1.746848583221	-0.334038598479	0.521406984966	-1.008861115027
18:38:03.51	0.276307135820	0.383647471666	-0.237177446485	2.596621513367	0.967833042145	-1.604684233665	-0.320191962340	0.551323041192	-1.017220889096
18:38:03.53	0.254106223583	0.370753407478	-0.221204981208	2.325687885284	1.175609230995	-1.534153699875	-0.303487149532	0.578074811432	-1.026362055736
18:38:03.54	0.270269870758	0.351415455341	-0.253872603178	2.103424310684	1.322679996490	-1.493583798409	-0.284691516017	0.602608284059	-1.036422065140
18:38:03.56	0.296184182167	0.364922612906	-0.290349990129	2.038466215134	1.436584353447	-1.399068117142	-0.264496995665	0.625821235736	-1.046627553531
18:38:03.56	0.289786428213	0.387539237738	-0.311060518026	2.144296407700	1.510917305946	-1.282763600349	-0.243777372633	0.649200481108	-1.055999615450
18:38:03.56	0.293456971645	0.438359379768	-0.310242474079	2.368718385696	1.505378961563	-1.140094757080	-0.223553806648	0.674004586110	-1.063964420868
18:38:03.57	0.311209738255	0.436055660248	-0.303482115269	2.575305700302	1.465665936470	-0.978330671787	-0.204649356561	0.700476786395	-1.070143622687
18:38:03.58	0.303802013397	0.412892043591	-0.252783179283	2.636748790741	1.458229899406	-0.826037943363	-0.186185600042	0.727041413868	-1.075253243226
18:38:03.59	0.279813200235	0.366381645203	-0.171973809600	2.549482822418	1.546641826630	-0.724019289017	-0.167729256316	0.753139195323	-1.079542702395
18:38:03.61	0.232256501913	0.321219652891	-0.094593152404	2.330700635910	1.743630886078	-0.660682916641	-0.148086171662	0.777798757495	-1.083566794091
18:38:03.62	0.187456876040	0.278979152441	-0.045359712094	2.056455373764	1.954518079758	-0.600721836090	-0.125808055535	0.799661204349	-1.088100676031
18:38:03.62	0.155559629202	0.262871116400	-0.035436652601	1.818197131157	1.960211157799	-0.555966913700	-0.102467116781	0.818885688653	-1.093135218779
18:38:03.63	0.156923919916	0.252379834652	-0.086906120181	1.707051157951	1.795623421669	-0.575185835361	-0.079635773799	0.836555384177	-1.099132279187
18:38:03.64	0.189189136028	0.271195709705	-0.136389195919	1.740590095520	1.571293234825	-0.617136836052	-0.057498932973	0.853850265388	-1.106777946081
18:38:03.65	0.232136443257	0.292392879725	-0.141609773040	1.831313729286	1.421320199966	-0.601703703403	-0.035610110851	0.871259818276	-1.115819100883
18:38:03.67	0.202554345131	0.307094633579	-0.138928040862	1.871402859688	1.434048533440	-0.545739948750	-0.014871844725	0.889771638220	-1.124128017682
18:38:03.68	0.202442407608	0.316274791956	-0.122415617108	1.804967522621	1.579789876938	-0.488136827946	0.006639743892	0.908050014258	-1.132033027880
18:38:03.68	0.213471919298	0.338387280703	-0.104429788888	1.650012016296	1.803248763084	-0.437110662460	0.030371115150	0.924876758647	-1.139929569476
18:38:03.69	0.226981997490	0.369040995836	-0.097882419825	1.474759459496	1.933205842972	-0.386701822281	0.055680685944	0.939853672990	-1.147711197616
18:38:03.71	0.254804015160	0.382118374109	-0.123241811991	1.336166381836	1.952590942383	-0.296351402998	0.080943437046	0.953273671314	-1.154789867473
18:38:03.71	0.280039370060	0.399706929922	-0.141522482038	1.250079154968	1.947464704514	-0.181410461664	0.105028702147	0.965680853938	-1.160480464186
18:38:03.73	0.271151363850	0.421759396791	-0.152800008655	1.210904955864	1.978405594826	-0.066758178174	0.128159174967	0.977674170908	-1.164657108840
18:38:03.74	0.227946937084	0.482721388340	-0.179332643747	1.168306112289	1.995524525642	0.028659684584	0.150425196967	0.989328173439	-1.167512016085
18:38:03.75	0.187275663018	0.531309008598	-0.174092635512	1.160946130753	2.074238538742	0.127380937338	0.172176867826	1.000938969769	-1.169073199946
18:38:03.76	0.139075905085	0.585047602654	-0.183605879545	1.142458915710	2.194399118423	0.184093996882	0.194443181466	1.012550133709	-1.169798955472
18:38:03.76	0.157865837216	0.591907620430	-0.193076521158	1.144834995270	2.242234468460	0.203666642308	0.217347373190	1.024080924868	-1.170501326936
18:38:03.77	0.174415245652	0.595043659210	-0.166417732835	1.238702297211	2.225091934204	0.209684848785	0.240847835057	1.036341748014	-1.171895024954
18:38:03.78	0.210092276335	0.571374356747	-0.147854119539	1.344353079796	2.131409406662	0.223325565457	0.264442062000	1.049636412592	-1.174248648932
18:38:03.79	0.231140092015	0.538325071335	-0.103557661176	1.412982583046	2.062240362167	0.261103034019	0.287638252973	1.063757585665	-1.177115502642
18:38:03.80	0.233294397593	0.514962792397	-0.039949428290	1.370353341103	2.116557598114	0.352620422840	0.310384230396	1.077984151691	-1.179162986589
18:38:03.82	0.223917856812	0.505873680115	-0.014698076062	1.173840761185	2.187077522278	0.502749204636	0.331079481726	1.091121572412	-1.178057070040
18:38:03.83	0.211614072323	0.496721088886	-0.002607056638	0.893178224564	2.280045747757	0.657417595387	0.348475638146	1.102257126928	-1.172308447703
18:38:03.83	0.195164829493	0.465042620897	0.019175671041	0.632768392563	2.427188634872	0.810201525688	0.362655199118	1.111461400604	-1.161527342760
18:38:03.85	0.153282955289	0.452813714743	0.027378782630	0.378002882004	2.592357635498	0.897123932838	0.374646327977	1.118762375283	-1.146468650517
18:38:03.85	0.146908313036	0.447560250759	-0.001456170226	0.158903509378	2.669231414795	0.936979711056	0.384940284029	1.124126703950	-1.128453920693
18:38:03.86	0.153814703226	0.440247118473	-0.025513108820	0.062501832843	2.665151119232	0.989303946495	0.393291820712	1.128552994086	-1.108150323110
18:38:03.87	0.169494226575	0.450439631939	-0.037330489606	0.089353367686	2.515259027481	1.011981844902	0.399756166625	1.133138131058	-1.087029005913
18:38:03.88	0.151240900159	0.465146064758	0.003199296538	0.163907453418	2.412049055099	1.009993433952	0.405226154812	1.138453591264	-1.066353399878
18:38:03.89	0.106309987605	0.474906235933	0.040325254202	0.121420919895	2.433376073837	1.022471427917	0.410318939316	1.143788345466	-1.045302861072
18:38:03.91	0.047056335956	0.477929204702	0.049027893692	-0.032804384828	2.476135253906	1.050489544868	0.413880329863	1.148049494546	-1.022213804613
18:38:03.92	-0.015311283059	0.501576781273	0.094321370125	-0.198397129774	2.618787288666	1.013655304909	0.417218213609	1.150764113854	-0.997686362012
18:38:03.92	-0.042341895401	0.546438157558	0.120436102152	-0.401777446270	2.796547651291	0.934048116207	0.422051225287	1.151476997053	-0.972865840185
18:38:03.93	-0.019731737673	0.588153481483	0.119326762855	-0.647334814072	2.928689479828	0.896063983440	0.427200901685	1.149862828330	-0.946820046752
18:38:03.94	0.022219592705	0.638661026955	0.134616121650	-0.877400517464	3.001314401627	0.909431457520	0.431218952917	1.146146395492	-0.918473738660
18:38:03.95	0.071469143033	0.716692328453	0.110429264605	-1.015951037407	2.885720491409	1.008069634438	0.431908843880	1.141241901074	-0.887133939644
18:38:03.97	0.090953595936	0.750639021397	0.100853271782	-1.028679966927	2.640321016312	1.206966161728	0.426892642580	1.136674951010	-0.851853524432
18:38:03.98	0.053508594632	0.720432996750	0.103121258318	-0.965594470501	2.386311531067	1.417524814606	0.415912253513	1.133292362652	-0.812802533807
18:38:03.99	-0.014587851241	0.672758817673	0.166401043534	-0.901988685131	2.290592908859	1.482776522636	0.402325452655	1.130800533058	-0.772397833650
18:38:03.99	-0.088856801391	0.659003496170	0.221934989095	-0.952394902706	2.300220012665	1.455888152122	0.389128184521	1.127855296928	-0.732444045040
18:38:04.00	-0.123929724097	0.664540708065	0.248477816582	-1.127592086792	2.320658445358	1.422274231911	0.376066222641	1.123210187399	-0.692355415498
18:38:04.01	-0.166966706514	0.695321321487	0.272050470114	-1.398195862770	2.342325925827	1.434638738632	0.362118065466	1.116009640162	-0.650910566492
18:38:04.02	-0.217298790812	0.705240726471	0.253381520510	-1.735100269318	2.387513399124	1.520461320877	0.346004823206	1.105733908271	-0.606492970522
18:38:04.03	-0.218106642365	0.650090098381	0.212938472629	-2.001254558563	2.463435649872	1.639665484428	0.328057881006	1.092723161531	-0.558951477855
18:38:04.04	-0.186143904924	0.627611875534	0.175188094378	-2.054748773575	2.470994710922	1.714926362038	0.310021718225	1.078551100699	-0.510572868380
18:38:04.06	-0.157249003649	0.631334006786	0.140106678009	-1.914773702621	2.251854896545	1.751377105713	0.292080080290	1.065029594535	-0.463748095403
18:38:04.06	-0.149049520493	0.637268245220	0.130968973041	-1.742623806000	1.968905329704	1.806998729706	0.273004493739	1.052938070828	-0.418573101780
18:38:04.07	-0.207461267710	0.636590242386	0.143011227250	-1.697891831398	1.832840681076	1.900843739510	0.252566128654	1.041420109688	-0.373562856377
18:38:04.08	-0.300770550966	0.643661797047	0.163676828146	-1.786484599113	1.863838076591	1.982120275497	0.231817939501	1.029084104672	-0.328001050498
18:38:04.09	-0.384068548679	0.628476381302	0.172468736768	-1.985415697098	2.021454334259	2.011835336685	0.212677542388	1.014689733828	-0.282405589020
18:38:04.10	-0.428577691317	0.602239191532	0.151698723435	-2.221850633621	2.169551849365	2.024943828583	0.195853832808	0.997623833773	-0.237246997518
18:38:04.12	-0.426275730133	0.590200126171	0.104090318084	-2.374369621277	2.195283889771	2.016606569290	0.181088185434	0.978382445657	-0.193253120174
18:38:04.13	-0.372890472412	0.580367803574	0.075182259083	-2.352451801300	2.027300596237	1.981731891632	0.167459245982	0.958550035810	-0.151483344034
18:38:04.13	-0.360086709261	0.574148058891	0.027388591319	-2.292818307877	1.754058003426	1.985771298409	0.153276863673	0.938972004823	-0.111637501568
18:38:04.14	-0.373185068369	0.585697412491	-0.031960453838	-2.192599296570	1.577477216721	1.993376255035	0.138677319476	0.919892118146	-0.073333304818
18:38:04.15	-0.373217105865	0.613813459873	-0.052427053452	-1.973972558975	1.535704851151	2.003861188889	0.125109654992	0.902378895739	-0.036672100349
18:38:04.16	-0.373285025358	0.648661613464	-0.056186601520	-1.724233508110	1.460946679115	2.032761335373	0.112286338185	0.887084332379	-0.001199363408
18:38:04.17	-0.364568918943	0.677098155022	-0.056284196675	-1.514458060265	1.333082556725	2.018077135086	0.099544551463	0.873681666849	0.032975187769
18:38:04.19	-0.351020067930	0.720123648643	-0.014670619741	-1.377919435501	1.247855544090	2.029254436493	0.087001493818	0.861593025966	0.066034426743
18:38:04.19	-0.335984438658	0.682278156281	-0.008169513196	-1.354256272316	1.164975881577	2.143038988113	0.073386541109	0.849788884943	0.099749238506
18:38:04.20	-0.322470426559	0.605696797371	-0.006713726558	-1.331013798714	1.073575258255	2.220578193665	0.058634178601	0.837876808691	0.134146450737
18:38:04.21	-0.335292220116	0.545899987221	0.013792327605	-1.249571800232	1.098981261253	2.256956338882	0.044080343737	0.826367707433	0.168416400726
18:38:04.22	-0.403285622597	0.509914577007	0.077638655901	-1.258957266808	1.242488741875	2.270152330399	0.031315622608	0.814767245136	0.202331069813
18:38:04.24	-0.437600523233	0.477542281151	0.097626112401	-1.347000837326	1.318053483963	2.212484836578	0.020646624719	0.802117163026	0.235088057841
18:38:04.25	-0.437299132347	0.488844633102	0.130803912878	-1.399429559708	1.276624202728	2.104286432266	0.011643882008	0.788618062397	0.265825706473
18:38:04.25	-0.417357951403	0.524426043034	0.136310651898	-1.468465089798	1.073687314987	2.040517568588	0.002539248169	0.774299549746	0.294823875336
18:38:04.26	-0.365408420563	0.510943055153	0.107320070267	-1.568416833878	0.806010901928	2.071228981018	-0.008529026499	0.758843017151	0.323298233199
18:38:04.27	-0.367293894291	0.499817222357	0.081359669566	-1.725795865059	0.764860093594	2.198489904404	-0.020904614341	0.741734732271	0.352466981286
18:38:04.28	-0.421158909798	0.447270065546	0.063162252307	-1.968189477921	0.952359437943	2.340777158737	-0.032150787683	0.722069195451	0.382765615100
18:38:04.30	-0.436585009098	0.370831727982	0.016796872020	-2.072072744370	1.125784277916	2.385318994522	-0.041170037254	0.700626166059	0.413163689545
18:38:04.31	-0.453611761332	0.383035421371	0.017121857032	-1.945071101189	1.175507426262	2.304294109344	-0.047872379966	0.679745494196	0.442171422728
18:38:04.31	-0.445821046829	0.398346871138	0.026415128261	-1.689158439636	0.904008090496	2.135492086411	-0.054517261288	0.661117551543	0.468799746303
18:38:04.32	-0.455349683762	0.401328742504	0.023558543995	-1.479122877121	0.488028496504	1.968059659004	-0.063220690295	0.644777368598	0.492852217594
18:38:04.33	-0.509813547134	0.347020387650	-0.002908175113	-1.437630414963	0.194570019841	1.878534317017	-0.073967902634	0.629134193365	0.515133259729
18:38:04.34	-0.565238058567	0.299085199833	-0.013013258576	-1.519944548607	0.311595231295	1.854163169861	-0.083805083748	0.612821410015	0.536390257876
18:38:04.36	-0.626485288143	0.280398339033	0.032210998237	-1.696741223335	0.733815252781	1.853122472763	-0.089352690047	0.594809928468	0.557088575592
18:38:04.37	-0.620486319065	0.255409896374	0.067756399512	-1.910435914993	1.010451197624	1.800128221512	-0.090543681130	0.574705219416	0.576730291827
18:38:04.37	-0.520981907845	0.204256609082	0.054431881756	-2.055512189865	0.853314042091	1.703778266907	-0.091143648476	0.552979776024	0.594943042453
18:38:04.38	-0.498043864965	0.230566754937	0.023622656241	-2.048418521881	0.463175117970	1.592518806458	-0.093998655728	0.531004624137	0.611479640166
18:38:04.39	-0.442394345999	0.188784569502	-0.021582424641	-1.931625723839	0.039967987686	1.566699504852	-0.100423455305	0.509982537131	0.627263100504
18:38:04.40	-0.467512488365	0.113583453000	-0.065959841013	-1.891010522842	-0.170530885458	1.583295226097	-0.109316225988	0.489548115932	0.642863689556
18:38:04.42	-0.597919940948	0.059822287410	-0.084211528301	-1.983679056168	0.014545556158	1.583116292953	-0.116852017847	0.468377485170	0.658109134271
18:38:04.43	-0.740204572678	-0.006461393554	-0.078906349838	-2.162545442581	0.340004682541	1.498203039169	-0.120520539989	0.445592753354	0.672196045477
18:38:04.43	-0.815017580986	0.004984527361	-0.075428947806	-2.350369691849	0.684541046619	1.282741546631	-0.119395128119	0.421147966774	0.683835184727
18:38:04.45	-0.678147494793	0.076388314366	-0.167601317167	-2.508836030960	0.771803379059	1.033582091331	-0.115096346068	0.395287593399	0.692477036720
18:38:04.46	-0.520160853863	0.048917014152	-0.238190516829	-2.504132270813	0.526203215122	0.895008683205	-0.111619712911	0.369312647474	0.699246607375
18:38:04.46	-0.462460190058	-0.053408186883	-0.317964464426	-2.384609460831	0.196549192071	0.917916119099	-0.111190687036	0.344299367441	0.705967957027
18:38:04.47	-0.497586578131	-0.071161150932	-0.343298077583	-2.172251701355	-0.034394480288	0.945831894875	-0.113517815425	0.321076379607	0.713267171679
18:38:04.48	-0.618204951286	-0.075910240412	-0.308258652687	-1.948833465576	0.024724019691	0.813596904278	-0.115543362765	0.300286458482	0.719762722679
18:38:04.49	-0.662473320961	-0.035744473338	-0.298770099878	-1.857690572739	0.120124369860	0.579235553741	-0.115782847890	0.280956034139	0.724165983437
18:38:04.51	-0.596442878246	0.020926583558	-0.260187298059	-1.772995710373	0.182583793998	0.341455727816	-0.114672804352	0.262675905822	0.726105151126
18:38:04.51	-0.480238497257	0.034625716507	-0.250509589911	-1.685348510742	0.196184873581	0.176574632525	-0.112665715120	0.245520011772	0.726311456364
18:38:04.52	-0.356672585011	0.020036119968	-0.290546268225	-1.606713414192	-0.075016744435	0.071867123246	-0.112379216611	0.229253354102	0.725381450893
18:38:04.54	-0.288308829069	-0.082470357418	-0.288969665766	-1.526456832886	-0.337645113468	0.107644557953	-0.115010215189	0.213848841379	0.724478058507
18:38:04.54	-0.358696848154	-0.203202068806	-0.326028883457	-1.587977647781	-0.383193910122	0.228252202272	-0.118878810018	0.198131363890	0.724658994030
18:38:04.55	-0.495514035225	-0.209701344371	-0.370487183332	-1.773899316788	-0.275589078665	0.186038956046	-0.121990767528	0.180793059727	0.724671554507
18:38:04.56	-0.570598959923	-0.196151345968	-0.407483905554	-1.952881932259	-0.035210527480	0.001380694797	-0.122682165459	0.161776911651	0.722819074488
18:38:04.57	-0.564142107964	-0.107020847499	-0.429637044668	-1.999750971794	0.187962412834	-0.188413739204	-0.120683690704	0.142129678209	0.718918761647
18:38:04.58	-0.524695694447	-0.028342887759	-0.437808811665	-1.843642950058	0.235483109951	-0.333681732416	-0.117646548868	0.123690407099	0.713657676106
18:38:04.60	-0.449749916792	0.017212482169	-0.408679485321	-1.532068729401	0.197688221931	-0.490339428186	-0.114831799449	0.108182655331	0.707298645235
18:38:04.60	-0.355183809996	0.023576933891	-0.381067544222	-1.201690196991	0.086560413241	-0.677765846252	-0.112830381251	0.096173854782	0.699521185417
18:38:04.61	-0.280998915434	-0.018959593028	-0.340971469879	-0.940671801567	-0.019104976207	-0.779099106789	-0.112039141404	0.087122872168	0.690814286155
18:38:04.62	-0.275736421347	-0.071060925722	-0.307010799646	-0.779016315937	0.024213787168	-0.812780082226	-0.111261212169	0.079948901731	0.681904714608
18:38:04.63	-0.247736454010	-0.066276647151	-0.308272212744	-0.764936804771	0.153821900487	-0.890458106995	-0.109357958408	0.073407181214	0.672398118863
18:38:04.64	-0.248855441809	-0.054888565093	-0.309476584196	-0.915759146214	0.337895631790	-0.941990256310	-0.105741308907	0.065749005786	0.662197027347
18:38:04.66	-0.227496236563	-0.012126003392	-0.328676909208	-1.049568533897	0.442228764296	-0.994511544704	-0.100823246924	0.056583995838	0.651381598964
18:38:04.66	-0.190843373537	0.024642176926	-0.337744623423	-1.036085128784	0.482580006123	-1.028351306915	-0.095540808532	0.047166377094	0.640189636807
18:38:04.67	-0.187441512942	0.057711459696	-0.350470900536	-0.928679347038	0.517482101917	-1.051806807518	-0.089937701048	0.038586511965	0.628905289920
18:38:04.68	-0.189455598593	0.058986790478	-0.359480500221	-0.748098969460	0.458727747202	-1.104800462723	-0.084766515367	0.031602524904	0.617353373524
18:38:04.69	-0.149068564177	0.012494954281	-0.326636046171	-0.517505466938	0.437094390392	-1.166625261307	-0.080064853473	0.026810910156	0.605424692582
18:38:04.70	-0.079795449972	-0.011533059180	-0.282440245152	-0.286981761456	0.447343379259	-1.235592126846	-0.075281464445	0.024358021728	0.593031011225
18:38:04.71	-0.040611214936	-0.006157095544	-0.255467832088	-0.147573336959	0.368426501751	-1.345669627190	-0.071009925561	0.023584470858	0.579811606630
18:38:04.72	0.012795410119	-0.001063804841	-0.273618310690	-0.118267968297	0.152553111315	-1.477908253670	-0.068562422506	0.023382905978	0.565319394637
18:38:04.73	0.078281767666	0.002471734537	-0.287615180016	-0.137310683727	-0.053651664406	-1.550892710686	-0.068266975732	0.023134198362	0.549895489773
18:38:04.75	0.103569090366	0.020188171417	-0.309804558754	-0.175249069929	-0.172613948584	-1.508961796761	-0.069401655477	0.022524671454	0.534560011207
18:38:04.76	0.065788425505	0.014649319462	-0.343568682671	-0.162796705961	-0.234196841717	-1.351206302643	-0.071313180863	0.021807419975	0.520544981352
18:38:04.76	-0.019634529948	-0.011575050652	-0.366476953030	-0.065116278827	-0.147110879421	-1.202757477760	-0.072884929131	0.021736597796	0.508170789951
18:38:04.77	-0.077466219664	-0.070055678487	-0.313846349716	0.113580711186	0.216145947576	-1.155960321426	-0.071524592859	0.023253909310	0.496673522588
18:38:04.78	-0.052001494914	-0.114296995103	-0.246205538511	0.256333023310	0.576185405254	-1.268283486366	-0.066218655743	0.026346309368	0.484557736048
18:38:04.79	0.064638823271	-0.122366376221	-0.184741944075	0.319251745939	0.698223948479	-1.455202221870	-0.059039216920	0.030317708252	0.470714177780
18:38:04.80	0.144403278828	-0.071811951697	-0.124067708850	0.202213764191	0.607970833778	-1.618313908577	-0.052079578959	0.033647889495	0.455097864232
18:38:04.81	0.191655680537	-0.013922364451	-0.160104379058	-0.117801837623	0.301228284836	-1.720114231110	-0.047643299227	0.034179993503	0.438094358874
18:38:04.82	0.252558231354	0.006117011886	-0.217919513583	-0.424120277166	0.070015892386	-1.653295040131	-0.045977867287	0.031421254065	0.421152063783
18:38:04.84	0.240130484104	0.035399351269	-0.235235914588	-0.574422717094	0.118164032698	-1.469959855080	-0.044604463983	0.026643960496	0.405750136014
18:38:04.85	0.175087481737	0.050872717053	-0.277102738619	-0.540565490723	0.258493483067	-1.311632752419	-0.042037794464	0.021623304848	0.392061018052
18:38:04.85	0.122272297740	0.030299205333	-0.303189516068	-0.297347545624	0.396356344223	-1.208278656006	-0.038166328275	0.018413650061	0.379631380950
18:38:04.87	0.101931609213	0.034322582185	-0.278180569410	0.094516843557	0.481891512871	-1.154235124588	-0.033309577484	0.018729196191	0.368006759854
18:38:04.88	0.092131309211	0.041435502470	-0.213325768709	0.526348352432	0.505697846413	-1.144935369492	-0.028055668606	0.023264383043	0.356706974220
18:38:04.88	0.104706376791	0.014589712024	-0.106900066137	0.894630491734	0.493432700634	-1.191505551338	-0.022764789340	0.031654324426	0.345183731583
18:38:04.89	0.121346354485	0.003506038571	0.012122605927	1.040184855461	0.431500941515	-1.323844552040	-0.017786421265	0.042138503209	0.332529821361
18:38:04.90	0.182259857655	-0.005235238932	0.084733970463	0.840312004089	0.323317021132	-1.459414839745	-0.013622929477	0.051473889810	0.318386463923
18:38:04.91	0.230167269707	-0.014348883182	0.106713891029	0.329592198133	0.261365801096	-1.468014836311	-0.010105976574	0.056359659694	0.303681445875
18:38:04.92	0.231291905046	-0.003419702407	0.064062461257	-0.307398140430	0.240065097809	-1.335164070129	-0.006876082641	0.054988131570	0.289918168360
18:38:04.93	0.240743428469	-0.009412279353	-0.028787557036	-0.742177367210	0.201490595937	-1.137118577957	-0.004145534301	0.048498576343	0.278012389303
18:38:04.95	0.239700168371	-0.014979740605	-0.082026645541	-0.800802588463	0.213365405798	-0.952173173428	-0.001633881135	0.040451212443	0.268024958778
18:38:04.95	0.222172304988	-0.010974165052	-0.097923785448	-0.603095471859	0.229083701968	-0.816390872002	0.000957514816	0.033832093609	0.259558659943
18:38:04.96	0.200844734907	-0.020261656493	-0.112168401480	-0.283402740955	0.185073688626	-0.730694055557	0.003166724035	0.030127421709	0.252076351729
18:38:04.97	0.184589728713	-0.040856692940	-0.089695312083	0.086802706122	0.099507972598	-0.700329244137	0.004636627761	0.030040158480	0.245057532025
18:38:04.98	0.164719030261	-0.051974214613	-0.041903495789	0.342982232571	-0.079464390874	-0.756551265717	0.004579737901	0.032916373728	0.237672317118
18:38:04.99	0.152996763587	-0.079756028950	-0.044730138034	0.384351730347	-0.276209354401	-0.860046982765	0.002553059257	0.036737831721	0.229323691088
18:38:05.00	0.163863614202	-0.102709218860	-0.062223926187	0.273814529181	-0.277140617371	-0.924523234367	-0.000045289669	0.039803121813	0.220196599188
18:38:05.02	0.178396269679	-0.139609500766	-0.041627328843	0.082437179983	-0.058945532888	-0.889015436172	-0.000570833247	0.041371541444	0.211186365754
18:38:05.03	0.167046442628	-0.065725289285	-0.042850464582	-0.114531330764	0.128419622779	-0.875000834465	0.000663450822	0.040685467288	0.202404658574
18:38:05.03	0.188656061888	-0.001193198492	-0.060967899859	-0.201972007751	0.209372833371	-0.787944793701	0.002935504453	0.038794559148	0.194237785025
18:38:05.04	0.209111243486	-0.055188931525	-0.049620121717	-0.223806783557	0.249866276979	-0.648967206478	0.005660033980	0.036585587901	0.187447444671
18:38:05.05	0.216405496001	-0.006250882987	-0.079381816089	-0.215127125382	0.175525188446	-0.540223240852	0.009170720487	0.034328979312	0.181738407470
18:38:05.06	0.164611920714	0.003873091424	-0.097431287169	-0.154156759381	0.272210508585	-0.432677328587	0.011648802097	0.032595904296	0.177181272903
18:38:05.08	0.090590059757	-0.010312599130	-0.069031283259	-0.121646538377	0.413544267416	-0.391343474388	0.015649910934	0.031257431822	0.173229145049
18:38:05.09	0.041266199201	0.001316145994	-0.092715680599	-0.047302324325	0.380472928286	-0.413937211037	0.019748894749	0.030480411347	0.169201684956
18:38:05.09	0.007299582008	0.006398799829	-0.124802403152	0.118052758276	0.301533669233	-0.492449849844	0.023032799976	0.031092530133	0.164487256620
18:38:05.10	0.009888214059	0.009283335879	-0.102232500911	0.331481635571	0.398959606886	-0.567802429199	0.026858199605	0.033734314300	0.158909653694
18:38:05.11	0.031280197203	0.013124947436	-0.047273553908	0.480610638857	0.527336537838	-0.581355214119	0.032072489916	0.038051731816	0.152956255255
18:38:05.12	0.047510493547	0.017361339182	-0.017096480355	0.544275045395	0.524087786674	-0.514159440994	0.037631717986	0.043177366500	0.147409206917
18:38:05.14	0.057199202478	0.021690515801	0.011331344023	0.547630548477	0.399785071611	-0.403687268496	0.042212941856	0.048503965021	0.142883526280
18:38:05.15	0.056010719389	0.027033548802	0.027991298586	0.521877229214	0.223431661725	-0.319914340973	0.045036628523	0.053624797499	0.139274058361
18:38:05.15	0.048917066306	0.031148267910	0.055200669914	0.473427861929	0.153382599354	-0.266737401485	0.046837147245	0.058372573935	0.136266496409
18:38:05.16	0.029893416911	0.035782087594	0.076332330704	0.367161840200	0.192881315947	-0.239396855235	0.048757148668	0.062204641246	0.133632047103
18:38:05.17	0.013785487041	0.039012130350	0.082438625395	0.237363576889	0.283428043127	-0.220827177167	0.051515653318	0.064799045770	0.131245524792
18:38:05.18	0.012543756515	0.034877598286	0.076113604009	0.119183085859	0.333564490080	-0.210245892406	0.054895053870	0.066145305059	0.129041019087
18:38:05.20	0.022094758227	0.024990411475	0.067117393017	0.039248786867	0.359192699194	-0.209988117218	0.058558581223	0.066604587317	0.126922962311
18:38:05.20	0.035955820233	0.027819365263	0.077924229205	-0.024664467201	0.355038762093	-0.205974742770	0.062289789076	0.066381289266	0.124843225650
18:38:05.21	0.046125855297	0.034192197025	0.069098308682	-0.070346258581	0.258395105600	-0.189258605242	0.065297705525	0.065657205611	0.122945299733
18:38:05.22	0.046258240938	0.040772341192	0.039944868535	-0.073211871088	0.162758365273	-0.157152608037	0.067214524993	0.064789216939	0.121322369915
18:38:05.23	0.010951832868	0.049638293684	0.012084055692	-0.037571273744	0.117095440626	-0.103815607727	0.075007146988	0.056366746768	0.119805600041
18:38:05.24	-0.001471198397	0.042390111834	-0.003485728521	0.020180769265	0.077682048082	-0.078357979655	0.075720636138	0.050300113119	0.118990875401
18:38:05.26	-0.020608391613	0.033610347658	-0.005923102144	0.056402903050	0.121203735471	-0.081623025239	0.076782282018	0.050737215141	0.118153977024
18:38:05.26	-0.029704304412	0.022434543818	0.000938066631	0.044686216861	0.269969910383	-0.083220109344	0.075564650862	0.048393371436	0.117457147661
18:38:05.27	-0.028446797282	0.018846714869	-0.001316841808	0.009619005024	0.425161093473	-0.076998263597	0.076547024000	0.046420758831	0.116799537587
18:38:05.28	-0.004458890297	0.010996821336	-0.017260668799	-0.028826106340	0.449655205011	-0.082625769079	0.080800674585	0.045084969235	0.116031604640
18:38:05.29	0.010359829292	-0.003229172667	-0.034341428429	-0.040748950094	0.346577733755	-0.096215665340	0.085318256010	0.044698307503	0.115106152231
18:38:05.30	0.013885670342	-0.003072977532	-0.028828546405	0.009484997950	0.239175274968	-0.080898538232	0.088950941090	0.044701918471	0.114190450374
18:38:05.32	-0.005239910912	-0.009241485037	-0.017842680216	0.060312144458	0.264635443687	-0.019639410079	0.091093804193	0.045858815383	0.113809862349
18:38:05.33	-0.018447408453	-0.033441357315	-0.034631159157	0.055388689041	0.264644354582	0.012340892106	0.092342091292	0.048700695291	0.113904278400
18:38:05.33	-0.021949214861	-0.036054905504	-0.005973793566	0.048741687089	0.264625906944	-0.013102870435	0.093514496783	0.051690887719	0.113904864765
18:38:05.34	-0.023632260039	-0.033813882619	0.002102581784	0.026495186612	0.265680313110	-0.093643784523	0.096221754023	0.051963893366	0.113167138633
18:38:05.35	-0.034070171416	-0.034760821611	-0.019244121388	0.004210337996	0.239099085331	-0.176575168967	0.098770749549	0.051886602227	0.111593336575
18:38:05.36	-0.038973640651	-0.017848767340	-0.034219555557	0.002580964705	0.239076241851	-0.225489437580	0.101232134471	0.051693294884	0.109447940469
18:38:05.38	-0.023713994771	-0.002824344439	-0.032620109618	0.013227033429	0.302808493376	-0.229275822639	0.102643938346	0.051626686710	0.107205057528
18:38:05.38	-0.003660729155	0.007727622986	-0.035327911377	0.039494805038	0.332559794188	-0.170835942030	0.106021209999	0.051757075524	0.105292406920
18:38:05.39	0.009474478662	0.010328250006	-0.023512993008	0.042686820030	0.346419721842	-0.079257823527	0.109514339980	0.052084584318	0.104229348908
18:38:05.40	0.011800670065	0.003743342357	-0.012856700458	0.022116512060	0.294404774904	-0.012455094606	0.112660555039	0.052320676779	0.103934384392
18:38:05.41	0.011770381592	0.004845940508	-0.004972390365	-0.007628058549	0.161608994007	0.001572277048	0.115395971758	0.052003776492	0.103912217192
18:38:05.42	0.008638991974	0.001614443841	-0.011053389870	-0.033541731536	0.031965833157	-0.022717883810	0.115997418644	0.051701561221	0.103790315873
18:38:05.44	-0.010728165507	0.007266195957	-0.011810361408	-0.020125309005	-0.012713436969	-0.059494543821	0.115953163420	0.051386708429	0.103320496394
18:38:05.45	-0.021498635411	0.020253794268	-0.014872417785	0.024306286126	0.033970233053	-0.090499602258	0.116166370979	0.051404359147	0.102471736844
18:38:05.45	-0.013988492079	0.022988218814	-0.019682884216	0.070188894868	0.109350614250	-0.087202139199	0.116204238087	0.050490747284	0.101556251520
18:38:05.46	-0.003092943458	0.020319858566	-0.020534787327	0.091871239245	0.131654381752	-0.056430917233	0.117546494781	0.051271885794	0.100805877168
18:38:05.47	-0.004169886932	0.018531717360	-0.011027771048	0.106111109257	0.116770558059	-0.022722223774	0.118792413802	0.052262170314	0.100390625403
18:38:05.48	-0.012404799461	0.017709968612	-0.012019679882	0.125388622284	0.058289464563	-0.012901022099	0.119564372462	0.053425688203	0.100112946325
18:38:05.49	-0.015806445852	0.016023140401	-0.010787908919	0.146594747901	-0.011911056004	-0.019169740379	0.118612221830	0.053906299127	0.099823484373
18:38:05.50	-0.024638056755	0.002998183249	-0.002747218823	0.143299296498	-0.011910470203	-0.027635931969	0.118479754014	0.055333544643	0.099390119055
18:38:05.51	-0.013411427848	-0.007983252406	0.011947070248	0.102912411094	0.018977722153	-0.018286641687	0.118598828792	0.056454078342	0.099032196247
18:38:05.53	-0.009892469272	-0.019349262118	0.025074159727	0.012678074650	0.049951672554	0.013011889532	0.119022878349	0.056837952391	0.099032854260
18:38:05.54	-0.015893151984	-0.024162352085	0.020123280585	-0.086070649326	0.075613439083	0.043310433626	0.118925068711	0.057702549861	0.099513369451
18:38:05.54	-0.017056401819	-0.016652345657	0.018448516726	-0.147589713335	0.106541574001	0.068902343512	0.119874492052	0.056451973763	0.100307015230
18:38:05.56	-0.012202237733	-0.009095624089	0.009832254611	-0.188085794449	0.115105293691	0.069529779255	0.121000252480	0.054743971345	0.101208432582
18:38:05.57	-0.014310015365	-0.022414758801	-0.003076267429	-0.176514402032	0.031116435304	0.058999106288	0.121514296746	0.053003732675	0.102066847730
18:38:05.57	-0.030595563352	-0.019099572673	-0.005384609103	-0.113047078252	-0.042364276946	0.017021900043	0.119500793894	0.052748004369	0.102613924676
18:38:05.58	-0.041163004935	-0.011147097684	-0.008469333872	-0.057315681130	-0.059487283230	-0.048785880208	0.118935338413	0.052032505465	0.102376151349
18:38:05.59	-0.045191381127	-0.007767816540	-0.019145557657	-0.037551347166	-0.026590531692	-0.092355728149	0.118593792038	0.051535388148	0.101590419942
18:38:05.60	-0.039464175701	-0.008529696614	-0.015627093613	-0.020557766780	0.050969023257	-0.100356400013	0.118940160936	0.051154475737	0.100624072831
18:38:05.62	-0.030479596928	-0.010106373578	-0.005527646746	-0.002218789188	0.093464843929	-0.088482372463	0.118283605186	0.051516141217	0.099802751689
18:38:05.63	-0.013052149676	-0.011842514388	-0.013529830612	-0.009507377632	0.045655556023	-0.071818448603	0.118926926140	0.051351438318	0.099046782541
18:38:05.63	-0.018374439329	-0.010400676169	-0.009660941549	-0.021925725043	0.028685392812	-0.038834128529	0.119214787143	0.051114498341	0.098603044313
18:38:05.64	-0.009380659088	-0.009245449677	-0.000316241698	-0.051402587444	0.060626085848	-0.008344822563	0.119285387024	0.051125330121	0.098522937472
18:38:05.65	-0.008907102048	-0.008599282242	0.003316328162	-0.079808577895	0.079812109470	0.023072250187	0.119667623394	0.050809783939	0.098773197111
18:38:05.66	-0.016135141253	-0.005330555141	-0.000454360968	-0.092360533774	0.057513095438	0.044306959957	0.119566750719	0.050171447565	0.099326715809
18:38:05.68	-0.017875276506	-0.004262159113	-0.006333088502	-0.084039933980	0.031973134726	0.026931980625	0.119117051735	0.049484229816	0.099792812282
18:38:05.69	-0.030287135392	-0.002983073471	-0.009575197473	-0.054468896240	-0.002111076145	0.003871343564	0.117843538948	0.048962146201	0.100036923141
18:38:05.69	-0.036084380001	-0.002097422024	-0.009120638482	-0.016755547374	-0.020284790546	-0.053189396858	0.116133701011	0.048733633350	0.099757195585
18:38:05.70	-0.033155079931	-0.000538286637	-0.006236536894	-0.012823294848	-0.000128714455	-0.082834288478	0.114748943831	0.048553053201	0.099053474354
18:38:05.71	-0.025085834786	-0.000697943149	-0.016136284918	-0.028722770512	0.025394245982	-0.075991407037	0.113934640532	0.048194613155	0.098355739925
18:38:05.72	-0.008940597996	0.002547004260	-0.023095877841	-0.007279934827	0.085944801569	-0.067191764712	0.114238672378	0.047822799179	0.097708433635
18:38:05.74	-0.003847347805	0.001993719023	-0.026202276349	0.047335959971	0.192156717181	-0.048830300570	0.115718979116	0.047971588873	0.097152922218
18:38:05.75	-0.016825644299	0.006608995609	-0.027109580114	0.128556072712	0.268561750650	-0.033237971365	0.117685255104	0.048757828960	0.096702187737
18:38:05.75	-0.014427132905	0.006690635346	-0.009367847815	0.174434855580	0.396031081676	-0.033704459667	0.120722076338	0.050199264761	0.096205335517
18:38:05.76	0.003194585443	0.003470729105	0.096544921398	0.082771994174	0.363220185041	-0.031717743725	0.124872264425	0.051299012023	0.095718301568
18:38:05.77	-0.002213245723	-0.024999251589	-0.005803308915	-0.034272387624	0.138081401587	-0.005689610261	0.126679726502	0.051194983355	0.095632044080
18:38:05.78	-0.013201149181	-0.008387236856	0.031644754112	-0.078383438289	0.144506052136	-0.041203930974	0.128031996109	0.050456801487	0.095432662061
18:38:05.80	-0.014063122682	0.012036302127	0.032452803105	-0.084236055613	0.199759244919	-0.088470779359	0.129943776212	0.049516861987	0.094758188730
18:38:05.81	-0.005230048671	0.005448646378	0.026471436024	-0.058853458613	0.203963965178	-0.105793923140	0.132065634316	0.048527993660	0.093820848354
18:38:05.81	-0.001544447383	-0.002751105465	0.014849131927	0.017013557255	0.202796235681	-0.089806437492	0.134152564453	0.048384714547	0.092877766984
18:38:05.82	-0.013504834846	-0.002398165874	0.001329024672	0.055377941579	0.120899550617	-0.087912395597	0.135617067150	0.048753347574	0.091954290365
18:38:05.83	-0.041056420654	0.016693156213	-0.010819417424	0.071249268949	0.036905899644	-0.095309600234	0.136231596858	0.049290627198	0.090942839770
18:38:05.84	-0.032871026546	-0.001218812889	-0.018452109769	0.086110562086	-0.037535633892	-0.098344169557	0.134857533957	0.050025804949	0.089907657457
18:38:05.86	-0.007343832869	0.002858944004	-0.019918309525	0.091938570142	-0.092789776623	-0.053204659373	0.134108402284	0.050839215318	0.089122489036
18:38:05.87	0.010615150444	0.004221700132	-0.024826552719	0.071295291185	-0.119299635291	0.006395282689	0.132973523886	0.051607886737	0.088948883801
18:38:05.87	0.023840025067	-0.000021396547	-0.008971814997	-0.002891369862	-0.089409857988	0.042786307633	0.131946988017	0.051851199629	0.089268634373
18:38:05.88	0.015285456553	-0.002152174246	0.004095287062	-0.128438487649	-0.047753032297	0.061895474792	0.131874068704	0.051031593588	0.089943424414
18:38:05.89	-0.006750708446	-0.003530928167	-0.006791742053	-0.237255826592	0.009798996150	0.052208486944	0.131770575433	0.048994163861	0.090778511446
18:38:05.90	-0.014412838966	-0.001226427732	-0.015102368779	-0.272656738758	0.016218865290	0.032534118742	0.131972021874	0.046382364156	0.091507336048
18:38:05.92	-0.007447939366	-0.003698722459	-0.032310158014	-0.197355374694	-0.135897383094	0.004537899513	0.131058330658	0.044197745792	0.091920244450
18:38:05.93	0.001714574522	0.001160265761	-0.046049609780	-0.042226038873	-0.326404035091	-0.032346300781	0.128011127412	0.043211676191	0.091806315588
18:38:05.93	0.005941066425	-0.003070299746	-0.051230378449	0.100459150970	-0.442473888397	-0.041758447886	0.123842745506	0.043849268296	0.091311475596
18:38:05.94	0.001380987000	-0.014313436113	-0.046874996275	0.136993408203	-0.460583597422	-0.015827782452	0.119277506892	0.045165418896	0.090900402483
18:38:05.95	-0.005686058663	-0.022694181651	-0.035519521683	0.086465738714	-0.375451862812	0.036728098989	0.115194160676	0.046200426594	0.091003551679
18:38:05.96	-0.013029350899	-0.012078183703	0.017983397469	-0.001494689728	-0.124472886324	0.072220593691	0.112834117537	0.046929519242	0.091642884077
18:38:05.98	-0.014344098978	0.008874605410	0.053835291415	-0.124719195068	0.005397283938	0.104906104505	0.112678644007	0.046122401244	0.092708913464
18:38:05.98	-0.010221091099	-0.017733655870	0.011165631004	-0.236427128315	-0.009305977263	0.124356761575	0.112573128638	0.044139806134	0.094155074130
18:38:05.99	-0.010955517180	-0.036669831723	0.007651227992	-0.246224969625	-0.028431680053	0.107285365462	0.112287071817	0.041787762031	0.095565333829
18:38:06.00	-0.017286160961	-0.017560806125	0.019727047533	-0.214736267924	-0.063583493233	0.065037742257	0.111156334016	0.040235083412	0.096590244710
18:38:06.01	-0.027177382261	-0.014159830287	-0.004632557742	-0.162924528122	-0.104067742825	0.029911175370	0.110168989192	0.038507766799	0.097166186963
18:38:06.02	-0.028948228806	0.000585989619	-0.024861654267	-0.068479865789	-0.069153897464	-0.008263112046	0.109336376838	0.037582140609	0.097283524562
18:38:06.04	-0.024729767814	-0.002086088760	-0.027659578249	0.029144728556	-0.023632632568	-0.048504803330	0.108100715691	0.037641427352	0.096928294635
18:38:06.05	-0.012971771881	-0.010030602105	-0.004845902789	0.104527048767	-0.038638424128	-0.074131876230	0.107803401609	0.038440778474	0.096142016499
18:38:06.05	0.002937868237	-0.000983654638	0.010582618415	0.124726541340	-0.066304884851	-0.077859237790	0.107229885637	0.039584543644	0.095231151735
18:38:06.07	-0.002060935833	-0.002749860287	0.017853977159	0.076077997684	-0.044957999140	-0.045085314661	0.106689901949	0.040443537248	0.094580751929
18:38:06.07	-0.003713655751	0.000628581096	0.013202708215	-0.012842885219	0.015783451498	0.006692016963	0.106633627938	0.040526147941	0.094519840292
18:38:06.08	-0.003037291113	0.005229472183	0.010241053067	-0.071102246642	0.024389777333	0.038410264999	0.106856592443	0.039969117211	0.094894521312
18:38:06.09	0.004351538606	0.003444857197	0.020178182051	-0.091240055859	0.028676452115	0.048296976835	0.107125945148	0.039145161451	0.095457461119
18:38:06.10	-0.000152044289	-0.001462028129	0.016049668193	-0.086019776762	-0.017038516700	0.040344242007	0.107078652997	0.038311747731	0.095986474882
18:38:06.11	-0.018286515027	-0.003146021627	0.012942778878	-0.082032591105	-0.035135552287	0.016715142876	0.106115484234	0.037634345915	0.096326545385
18:38:06.13	-0.022080102935	-0.001288127038	0.005300276913	-0.089724384248	-0.007500410080	-0.004194403533	0.105967934630	0.036760312743	0.096424699237
18:38:06.13	-0.017968352884	-0.003355300985	0.000526627526	-0.074939094484	0.014791099355	-0.016947219148	0.106080433518	0.035943820046	0.096373843606
18:38:06.14	-0.009553650394	-0.000282043853	-0.000123001504	-0.039866559207	0.012602745555	-0.025950741023	0.105902430210	0.035430935131	0.096197194689
18:38:06.15	-0.001685475931	0.001959043089	-0.005483219866	-0.004665133078	0.001921648742	-0.023335354403	0.105876248734	0.035199954151	0.095962141676
18:38:06.16	0.002537084045	0.002849456389	-0.004424293060	0.006175779272	0.028486097232	-0.008334947750	0.106125861452	0.035144288172	0.095827627089
18:38:06.17	-0.001869170344	0.003283415688	-0.004947181325	-0.006440568250	0.084842547774	0.005138125736	0.106782082787	0.035013591854	0.095855033339
18:38:06.19	0.001931489562	-0.000029681414	-0.007911108434	-0.027705688030	0.089128986001	0.009720805101	0.107747434985	0.034782629532	0.095958304727
18:38:06.19	0.003975155298	-0.003547983710	-0.010239841416	-0.026435371488	0.029618641362	0.029349178076	0.108316016284	0.034605895743	0.096217545850
18:38:06.20	0.003102763090	-0.002298393287	-0.011394573376	-0.009081810713	-0.032037887722	0.057251013815	0.108134317512	0.034588996392	0.096736533904
18:38:06.21	-0.013027138077	-0.003191074822	-0.007754534017	-0.020697180182	-0.015017425641	0.066081203520	0.107490661448	0.034581320077	0.097418266560
18:38:06.22	-0.024514026940	-0.003146176925	0.000503626070	-0.038984496146	0.010497859679	0.050614852458	0.106811262733	0.034381959004	0.098040082117
18:38:06.23	-0.024203348905	-0.003880914999	0.003042214084	-0.045803330839	0.014728020877	0.013514525257	0.106282535056	0.034074286703	0.098345275903
18:38:06.25	-0.021860880777	-0.007140163798	-0.011333909817	-0.030301384628	-0.007648480590	-0.028395563364	0.105644414449	0.033881943438	0.098224674081
18:38:06.25	-0.002794019878	-0.003749662777	-0.019126147032	0.014267750084	-0.007726429496	-0.046018011868	0.105436314669	0.033930797785	0.097793594644
18:38:06.26	0.011668000370	-0.002859337954	-0.017480881885	0.084869749844	-0.005690106656	-0.024610416964	0.105672460418	0.034623165004	0.097394034289
18:38:06.27	0.020163919777	0.001607297105	-0.008974309079	0.138781696558	-0.033367536962	0.029717149213	0.105910690741	0.035870970752	0.097396828630
18:38:06.28	0.009014396928	-0.006322016940	0.002195521956	0.134008899331	-0.030142415315	0.077683970332	0.105774206316	0.037510020641	0.097911487969
18:38:06.29	-0.014320844784	-0.006059004925	0.015932219103	0.076626390219	0.058161254972	0.089937768877	0.105737619253	0.038719956728	0.098698155379
18:38:06.30	-0.026531334966	-0.002238533925	0.025106757879	-0.021287979558	0.160336017609	0.099679119885	0.106479192043	0.038954789237	0.099674958129
18:38:06.31	-0.027386929840	-0.009405476041	0.014101499692	-0.083428122103	0.163590982556	0.071825765073	0.107507724203	0.038577724983	0.100589117148
18:38:06.32	-0.024405689910	-0.017011297867	-0.001291687251	-0.068336509168	0.095494508743	-0.004556861240	0.108022757849	0.038250104604	0.100863061496
18:38:06.33	-0.013374983333	-0.014859382063	0.001529195695	-0.013680554926	0.068800851703	-0.071504428983	0.108454369988	0.038281070143	0.100333792351
18:38:06.34	-0.001142506371	-0.007993676700	-0.008794851601	0.034323930740	0.050661601126	-0.068068876863	0.108983149533	0.038616262191	0.099572678950
18:38:06.35	0.011067588814	-0.003817216028	-0.005113664083	0.076351828873	0.039995837957	-0.028312100098	0.109674412602	0.039329519028	0.099109998161
18:38:06.37	0.016272656620	-0.002264393028	0.005293370690	0.075554914773	0.061273947358	-0.005759103689	0.110613527111	0.040181110587	0.098904809727
18:38:06.38	-0.013462831266	-0.001095859683	-0.014072435908	0.056491523981	0.130386427045	0.002603858244	0.111380629146	0.040785564061	0.098876914309
18:38:06.38	-0.035825904459	0.009446727112	-0.023224128410	0.107384905219	0.269514530897	-0.025478145108	0.112883393220	0.041441009323	0.098656809681
18:38:06.39	-0.031504087150	0.015716759488	-0.014877480455	0.215346217155	0.325636059046	-0.093418359756	0.115438548404	0.042875280312	0.097728231152
18:38:06.40	-0.015007507056	0.001658462919	-0.021077558398	0.312587529421	0.245733767748	-0.162510797381	0.117880381975	0.045558498648	0.095955911038
18:38:06.42	0.014219633304	-0.004745983519	0.072284802794	0.347088754177	0.350873559713	-0.224739819765	0.121045714358	0.048724832076	0.093458840629
18:38:06.42	0.036301992834	-0.014260557480	0.034686435014	0.256011277437	0.092765085399	-0.164269566536	0.123013424820	0.051298437336	0.091192673633
18:38:06.43	0.042759481817	0.009949792176	0.010159220546	0.126897439361	-0.064301177859	-0.077855840325	0.122573303844	0.052759910536	0.090053023860
18:38:06.44	0.031309235841	0.007011478301	0.034319844097	-0.000183555123	-0.021543180570	-0.006588513032	0.123073331527	0.052934633622	0.089745094258
18:38:06.46	0.010497556999	-0.002758225193	0.022766841576	-0.134038880467	0.015876682475	0.031742360443	0.123127314628	0.051967921747	0.090109642837
18:38:06.47	0.008261584677	0.008520756848	0.023915156722	-0.257492959499	0.029886826873	0.048433452845	0.123383344801	0.049755272102	0.090830638529
18:38:06.47	0.001084616524	0.008245411329	0.005294783041	-0.310604423285	0.019346090034	0.065006308258	0.123571252672	0.046821476367	0.091817424585
18:38:06.48	-0.017982941121	0.012632435188	-0.017148071900	-0.277972906828	-0.022181399167	0.031192800030	0.122977856234	0.043621609906	0.092624141411
18:38:06.49	-0.032751206309	0.014358495362	-0.034828532487	-0.169929057360	-0.107400901616	-0.025330664590	0.122134137438	0.041622710068	0.092745217773
18:38:06.50	-0.025206293911	0.011935192160	-0.051679458469	-0.041364487261	-0.190513312817	-0.058706469834	0.120430628139	0.040816153452	0.092307187045
18:38:06.52	-0.002824542345	0.005802482367	-0.045440718532	0.065221562982	-0.202364057302	-0.059192229062	0.118404965341	0.041168724801	0.091655806041
